1364385959 521
1364390816 532
1364391162 535
1364446445 588
1364447702 623
1364458646 734
1364656044 1080
1364697605 686
1364892271 1535
1364911648 1770
1364974483 795
1365002352 948
1365050377 914
1365432868 1006
1365483394 954
1365485708 1003
1366033301 1013
1366037351 1152
1366127617 1227
1366253756 1377
1366265579 1157
1366267351 1210
1366433131 1182
1366604157 1360
1366725159 1235
1366725536 1236
1366728092 1236
1366764542 1260
1367719191 1575
1367720300 1599
1368526414 1437
1368594343 1509
1368680209 1557
1368684989 1589
1368756335 1671
1368759799 1715
1368772919 1753
1368773940 1775
1368797587 3689
1368802339 22706
1368856034 22706
1368866174 22785
1368927837 22838
1368932103 32535
1368947554 42359
1369017427 42382
1369021789 42408
1369028345 42902
1369122900 43058
1369146952 43077
1369387831 44559
1369637112 44569
1369639217 43087
1369639355 43077
